0 0.2515625 0.131801 0.084375 0.106004
0 0.36624999999999996 0.380394 0.15250000000000002 0.423076
0 0.471875 0.19324550000000001 0.17125 0.294559
0 0.545625 0.541276 0.20124999999999998 0.523452
0 0.5790625 0.2776735 0.12687499999999996 0.075047
0 0.5921875 0.204034 0.059374999999999956 0.11163200000000004
0 0.6793750000000001 0.1819885 0.15875000000000006 0.075047
0 0.6799999999999999 0.27579750000000003 0.10875000000000001 0.07879900000000001
0 0.7728124999999999 0.074109 0.07187500000000002 0.129456
0 0.8734375000000001 0.208724 0.25187499999999996 0.190432
0 0.946875 0.314728 0.10499999999999998 0.12101400000000001
