0 0.101 0.8320000000000001 0.202 0.128
0 0.31 0.8053334999999999 0.18800000000000003 0.11733300000000002
0 0.484 0.350667 0.43999999999999995 0.16800000000000004
0 0.358 0.866667 0.16799999999999998 0.20799999999999996
0 0.529 0.8426665 0.274 0.24533300000000002
0 0.5960000000000001 0.6173335 0.18000000000000005 0.11466699999999996
0 0.6 0.2853335 0.06000000000000005 0.05866699999999997
0 0.6699999999999999 0.276 0.06799999999999995 0.06666600000000003
0 0.778 0.3773335 0.132 0.07733299999999999
0 0.8029999999999999 0.264 0.061999999999999944 0.04799999999999999
0 0.962 0.9079999999999999 0.07199999999999995 0.136
