0 0.1595835 0.6553125 0.195833 0.09562499999999996
0 0.21541649999999998 0.1634375 0.220833 0.170625
0 0.20708350000000003 0.2703125 0.14583300000000002 0.07687500000000003
0 0.5387500000000001 0.76625 0.649166 0.4575
0 0.2833335 0.2728125 0.11166699999999999 0.05437499999999998
0 0.3554165 0.8140624999999999 0.21916700000000003 0.14687499999999998
0 0.373333 0.10875 0.20500000000000002 0.19125
0 0.3404165 0.2078125 0.07083299999999998 0.05812500000000001
0 0.36291700000000005 0.26 0.10249999999999998 0.08374999999999999
0 0.49875 0.239375 0.269166 0.18999999999999997
0 0.52625 0.13 0.195834 0.0875
0 0.669583 0.16 0.1825 0.14
0 0.6625 0.27875 0.10499999999999998 0.07374999999999998
0 0.6979165 0.0728125 0.13916699999999993 0.075625
0 0.8220835 0.2471875 0.250833 0.146875
0 0.772083 0.17281249999999998 0.07250000000000001 0.06687499999999999
0 0.7708335 0.128125 0.05666699999999991 0.0325
0 0.8279164999999999 0.721875 0.12916699999999992 0.10625000000000007
0 0.9254169999999999 0.8553124999999999 0.14750000000000008 0.239375
