0 0.16999999999999998 0.7041665 0.11875 0.11166699999999996
0 0.18343749999999998 0.59875 0.14062499999999997 0.11583399999999999
0 0.2234375 0.2941665 0.14312499999999997 0.146667
0 0.23 0.5091665 0.14875 0.10833299999999996
0 0.2603125 0.7195834999999999 0.14437500000000003 0.13916699999999993
0 0.2796875 0.6583335 0.149375 0.13833300000000004
0 0.27718750000000003 0.5741665 0.13687500000000002 0.10666699999999996
0 0.29125 0.43875 0.11875000000000002 0.15749999999999997
0 0.30625 0.309583 0.14125000000000001 0.1875
0 0.36625 0.6629165 0.10375000000000001 0.18083300000000002
0 0.3803125 0.5816665000000001 0.09312500000000001 0.13666699999999998
0 0.401875 0.3708335 0.07374999999999998 0.093333
0 0.3978125 0.49541650000000004 0.050624999999999976 0.11916700000000002
0 0.40625 0.27249999999999996 0.0625 0.2
0 0.6825 0.532083 0.27374999999999994 0.6425000000000001
