0 0.0625 0.5425 0.125 0.21500000000000002
0 0.1825 0.869375 0.27833399999999997 0.25875000000000004
0 0.095 0.56 0.08000000000000002 0.18750000000000006
0 0.1533335 0.56375 0.056666999999999995 0.195
0 0.1825 0.56375 0.058334 0.195
0 0.2875 0.5531250000000001 0.175 0.20125000000000004
0 0.430833 0.868125 0.295 0.26125
0 0.45999999999999996 0.5599999999999999 0.133334 0.20749999999999996
0 0.620833 0.565625 0.17500000000000004 0.21875000000000006
0 0.7591669999999999 0.878125 0.31500000000000006 0.24125000000000008
0 0.86 0.579375 0.186666 0.22625
