0 0.016 0.349 0.032 0.057999999999999996
0 0.0186665 0.10200000000000001 0.037333 0.02800000000000001
0 0.0213335 0.146 0.042667 0.055999999999999994
0 0.04 0.497 0.08 0.18599999999999994
0 0.4986665 0.825 0.997333 0.346
0 0.152 0.036000000000000004 0.21866599999999997 0.068
0 0.128 0.15 0.15999999999999998 0.05199999999999999
0 0.2426665 0.628 0.26133300000000004 0.09600000000000009
0 0.336 0.44 0.421334 0.18800000000000006
0 0.24266700000000002 0.08499999999999999 0.096 0.041999999999999996
0 0.2586665 0.014 0.122667 0.028
0 0.592 0.302 0.56 0.152
0 0.477333 0.077 0.08000000000000002 0.034
0 0.7186665 0.10500000000000001 0.14133299999999993 0.06600000000000002
0 0.72 0.039 0.11733400000000005 0.078
0 0.8613335 0.142 0.12266699999999997 0.06399999999999999
0 0.8893335 0.027 0.08266700000000005 0.054
0 0.9413335 0.043 0.08533299999999999 0.034
0 0.9706665 0.23800000000000002 0.053333000000000075 0.07200000000000001
